{
 "cells": [
  {
   "cell_type": "code",
   "execution_count": 1,
   "id": "baa8449f-9201-48be-ab66-c4bed546691e",
   "metadata": {},
   "outputs": [],
   "source": [
    "import cvxpy as cp\n",
    "import numpy as np"
   ]
  },
  {
   "cell_type": "code",
   "execution_count": 2,
   "id": "629f9f1f-ac83-40e1-8166-2ea14cbb7f1f",
   "metadata": {},
   "outputs": [],
   "source": [
    "def find_covariance_matrix_m(S_target_np, P_matrices_np, M_dim, solver_name='SCS'):\n",
    "\n",
    "    M = cp.Variable((M_dim, M_dim), symmetric=True)\n",
    "    sum_term = 0\n",
    "    for P_i in P_matrices_np:\n",
    "        sum_term += P_i.T @ M @ P_i\n",
    "\n",
    "    objective = cp.Minimize(cp.norm(sum_term - S_target_np, 'fro'))\n",
    "    \n",
    "    constraints = [M >> 0]\n",
    "    problem = cp.Problem(objective, constraints)\n",
    "    try:\n",
    "        problem.solve(solver=solver_name)\n",
    "    except Exception as e:\n",
    "        print(f\"An unexpected error occurred during solving: {e}\")\n",
    "        return None, None, \"Error\"\n",
    "    if problem.status in [cp.OPTIMAL, cp.OPTIMAL_INACCURATE]:\n",
    "        return M.value, problem.value, problem.status\n",
    "    else:\n",
    "        print(f\"Problem did not solve to optimality. Status: {problem.status}\")\n",
    "        print(\"This could mean the problem is infeasible, unbounded, or the solver failed to converge.\")\n",
    "        return None, problem.value, problem.status\n"
   ]
  },
  {
   "cell_type": "code",
   "execution_count": 9,
   "id": "83f269ed-e061-4ea2-abdb-e1bd5cca0f4a",
   "metadata": {},
   "outputs": [
    {
     "name": "stdout",
     "output_type": "stream",
     "text": [
      "True M (for demonstration, dimension 7x7):\n",
      "[[ 7.6799 -2.6332 -0.1386 -0.0464 -1.6664 -3.4359 -2.1391]\n",
      " [-2.6332  3.9799  2.3753 -2.3949 -0.0274 -0.8451  1.6778]\n",
      " [-0.1386  2.3753  6.9284 -0.1823  4.2148 -2.5472  1.8476]\n",
      " [-0.0464 -2.3949 -0.1823  7.8226  3.5323  1.3506  0.3013]\n",
      " [-1.6664 -0.0274  4.2148  3.5323 10.465   0.0309  6.6307]\n",
      " [-3.4359 -0.8451 -2.5472  1.3506  0.0309  3.3049 -0.038 ]\n",
      " [-2.1391  1.6778  1.8476  0.3013  6.6307 -0.038   9.0239]]\n",
      "\n",
      "Using 4 permutation matrices (randomly generated).\n",
      "[array([[0., 1., 0., 0., 0., 0., 0.],\n",
      "       [0., 0., 0., 0., 0., 0., 1.],\n",
      "       [0., 0., 0., 0., 0., 1., 0.],\n",
      "       [0., 0., 1., 0., 0., 0., 0.],\n",
      "       [1., 0., 0., 0., 0., 0., 0.],\n",
      "       [0., 0., 0., 0., 1., 0., 0.],\n",
      "       [0., 0., 0., 1., 0., 0., 0.]]), array([[0., 1., 0., 0., 0., 0., 0.],\n",
      "       [0., 0., 0., 0., 0., 1., 0.],\n",
      "       [0., 0., 0., 0., 0., 0., 1.],\n",
      "       [0., 0., 1., 0., 0., 0., 0.],\n",
      "       [1., 0., 0., 0., 0., 0., 0.],\n",
      "       [0., 0., 0., 1., 0., 0., 0.],\n",
      "       [0., 0., 0., 0., 1., 0., 0.]]), array([[0., 0., 0., 0., 0., 0., 1.],\n",
      "       [0., 0., 1., 0., 0., 0., 0.],\n",
      "       [0., 0., 0., 1., 0., 0., 0.],\n",
      "       [0., 1., 0., 0., 0., 0., 0.],\n",
      "       [0., 0., 0., 0., 1., 0., 0.],\n",
      "       [0., 0., 0., 0., 0., 1., 0.],\n",
      "       [1., 0., 0., 0., 0., 0., 0.]]), array([[0., 0., 0., 1., 0., 0., 0.],\n",
      "       [0., 1., 0., 0., 0., 0., 0.],\n",
      "       [1., 0., 0., 0., 0., 0., 0.],\n",
      "       [0., 0., 1., 0., 0., 0., 0.],\n",
      "       [0., 0., 0., 0., 0., 1., 0.],\n",
      "       [0., 0., 0., 0., 0., 0., 1.],\n",
      "       [0., 0., 0., 0., 1., 0., 0.]])]\n",
      "\n",
      "--- Solver Results ---\n",
      "Found M by solver:\n",
      "[[ 7.67994179 -2.63321168 -0.1385937  -0.04644037 -1.66644826 -3.43587681\n",
      "  -2.13914131]\n",
      " [-2.63321168  3.97990429  2.37525274 -2.39487611 -0.02736461 -0.84510366\n",
      "   1.67780117]\n",
      " [-0.1385937   2.37525274  6.92838716 -0.18234017  4.21479602 -2.54724363\n",
      "   1.84756583]\n",
      " [-0.04644037 -2.39487611 -0.18234017  7.82258191  3.53226817  1.35057737\n",
      "   0.3012944 ]\n",
      " [-1.66644826 -0.02736461  4.21479602  3.53226817 10.46497535  0.03089461\n",
      "   6.63066071]\n",
      " [-3.43587681 -0.84510366 -2.54724363  1.35057737  0.03089461  3.30485342\n",
      "  -0.03803285]\n",
      " [-2.13914131  1.67780117  1.84756583  0.3012944   6.63066071 -0.03803285\n",
      "   9.02391764]]\n",
      "Optimal objective value (Frobenius norm of difference): 1.5227e-05\n",
      "Solver status: optimal\n",
      "Is found M close to true M (np.allclose)? False\n",
      "Max abs difference between found M and true M: 8.7065e-06\n",
      "Is found M symmetric? True\n",
      "Is found M PSD? True. Eigenvalues: [19.51957071 10.23468902 10.83695081  5.59656485  2.25762896  0.11783277\n",
      "  0.64132445]\n"
     ]
    }
   ],
   "source": [
    "#np.random.seed(42) # for reproducibility\n",
    "\n",
    "M_dim = 7 # Increased dimension of the square matrix M\n",
    "\n",
    "# 1. Define a 'true' M (which is PSD) to simulate the scenario\n",
    "# Create a random matrix A and then M = A @ A.T to ensure M is PSD\n",
    "random_matrix_for_M = np.random.randn(M_dim, M_dim)\n",
    "true_M_np = random_matrix_for_M @ random_matrix_for_M.T\n",
    "\n",
    "print(f\"True M (for demonstration, dimension {M_dim}x{M_dim}):\\n{np.round(true_M_np, 4)}\")\n",
    "\n",
    "\n",
    "num_permutations = 4 # Number of permutation matrices\n",
    "list_of_P_matrices_np = []\n",
    "for _ in range(num_permutations):\n",
    "    # np.random.permutation creates a random permutation of indices\n",
    "    # np.eye(M_dim)[indices] creates a permutation matrix\n",
    "    permutation_indices = np.random.permutation(M_dim)\n",
    "    P_i = np.eye(M_dim)[permutation_indices]\n",
    "    list_of_P_matrices_np.append(P_i)\n",
    "\n",
    "print(f\"\\nUsing {len(list_of_P_matrices_np)} permutation matrices (randomly generated).\")\n",
    "print(list_of_P_matrices_np)\n",
    "\n",
    "\n",
    "S_target_generated_np = np.zeros((M_dim, M_dim))\n",
    "for P_i in list_of_P_matrices_np:\n",
    "    S_target_generated_np += P_i.T @ true_M_np @ P_i\n",
    "\n",
    "#print(f\"\\nGenerated S (Target for solver):\\n{S_target_generated_np}\")\n",
    "\n",
    "found_M_np, optimal_value, status = find_covariance_matrix_m(\n",
    "        S_target_generated_np, list_of_P_matrices_np, M_dim\n",
    "    )\n",
    "\n",
    "\n",
    "if found_M_np is not None:\n",
    "     print(f\"\\n--- Solver Results ---\")\n",
    "     print(f\"Found M by solver:\\n{found_M_np}\")\n",
    "     print(f\"Optimal objective value (Frobenius norm of difference): {optimal_value:.4e}\")\n",
    "     print(f\"Solver status: {status}\")\n",
    "\n",
    "     # Verify the solution properties\n",
    "     '''\n",
    "     reconstructed_S_np = np.zeros((M_dim, M_dim))\n",
    "     for P_i in list_of_P_matrices_np:\n",
    "        reconstructed_S_np += P_i.T @ found_M_np @ P_i\n",
    "     print(f\"\\nReconstructed S using found M:\\n{reconstructed_S_np}\")'''\n",
    "\n",
    "     # Check if the found M is close to the true M (if S was perfectly generated and M is unique)\n",
    "     print(f\"Is found M close to true M (np.allclose)? {np.allclose(found_M_np, true_M_np, atol=1e-6)}\")\n",
    "     print(f\"Max abs difference between found M and true M: {np.max(np.abs(found_M_np - true_M_np)):.4e}\")\n",
    "\n",
    "     # Verify if found M is symmetric and PSD\n",
    "     is_symmetric = np.allclose(found_M_np, found_M_np.T)\n",
    "     print(f\"Is found M symmetric? {is_symmetric}\")\n",
    "     found_eigenvalues = np.linalg.eigvals(found_M_np)\n",
    "     is_psd = np.all(found_eigenvalues >= -1e-6) # Allow small negative for numerical precision\n",
    "     print(f\"Is found M PSD? {is_psd}. Eigenvalues: {found_eigenvalues}\")\n",
    "else:\n",
    "     print(\"\\nCould not find M.\")\n",
    "\n"
   ]
  },
  {
   "cell_type": "code",
   "execution_count": null,
   "id": "f9aa3a0f-4c20-444c-95e8-13c577008a7e",
   "metadata": {},
   "outputs": [],
   "source": []
  },
  {
   "cell_type": "code",
   "execution_count": null,
   "id": "debf0303-5303-4432-b0e5-da88da051578",
   "metadata": {},
   "outputs": [],
   "source": []
  },
  {
   "cell_type": "code",
   "execution_count": null,
   "id": "08d72665-2296-4119-ac9f-be3037c25a6c",
   "metadata": {},
   "outputs": [],
   "source": []
  }
 ],
 "metadata": {
  "kernelspec": {
   "display_name": "Python 3 (ipykernel)",
   "language": "python",
   "name": "python3"
  },
  "language_info": {
   "codemirror_mode": {
    "name": "ipython",
    "version": 3
   },
   "file_extension": ".py",
   "mimetype": "text/x-python",
   "name": "python",
   "nbconvert_exporter": "python",
   "pygments_lexer": "ipython3",
   "version": "3.10.12"
  }
 },
 "nbformat": 4,
 "nbformat_minor": 5
}
